151311060805011410020912040703
151311060805140103101207090402
151311060812040114021007090305
151311061402100503010912080407
151311061407020412010905100803
151311070103121004020905140806
151311070204141203090601051008
151311070204141208030106090510
151311070206010914031008051204
151311070206120104081014090305
151311070306020501121008140409
151311070306021001141209040805
151311070401051014030812090602
151311070402051001030812140906
151311070402121001030609140805
151311070503010914120208060410
151311070503011210020614090408
151311070503141210020601090408
151311071403050208101201090406
151311071403050209121001040608
151311071406021001031209040805
151311080104061402101207050309
151311080205120901031410070406
151311080207120301101405090406
151311080301060210120709041405
151311080301100502091214070406
151311080301140502091206041007
151311080305020901121406100704
151311080407140301120906100502
151311080412010502101407090306
151311080503101402091201070406
151311080604140109120207100305
151311081201030502091410070406
151311090103050208101214060407
151311090205031012140107040608
151311090206010308141210050704
151311090206031208011410050704
151311090206031210011405080407
151311090206140301081205071004
151311090312020401071014060805
151311090402051210011406080307
151311090402100301120806140705
151311090406010310121408050702
151311090406011202071410080503
151311090702041401081012060305
151311140604021203071001090508

已选择2279184行。

已用时间:  23: 02: 37.07
SQL = 

